bus=[1    1.000  0.000    7.577    0.000    0.000    0.000    0.000    0.000  1
  2    1.000  0.000    5.400    0.000    0.000    0.000    0.000    0.000  2
  3    1.000  0.000    6.000    0.000    0.000    0.000    0.000    0.000  2
  4    1.000  0.000    7.980    0.000    0.000    0.000    0.000    0.000  2
  5    1.000  0.000    3.900    0.000    0.000    0.000    0.000    0.000  2
  6    1.000  0.000    2.400    0.000    0.000    0.000    0.000    0.000  2
  7    1.000  0.000    3.000    0.000    0.000    0.000    0.000    0.000  2
  8    1.000  0.000    1.200    0.000    0.000    0.000    0.000    0.000  2
  9    1.000  0.000    5.400    0.000    0.000    0.000    0.000    0.000  2
 10    1.000  0.000    2.700    0.000    0.000    0.000    0.000    0.000  2
 11    1.000  0.000    0.600    0.000    0.000    0.000    0.000    0.000  2
 12    1.000  0.000    0.900    0.000    0.000    0.000    0.000    0.000  2
 13    1.000  0.000    0.600    0.000    0.000    0.000    0.000    0.000  2
 14    1.000  0.000    0.300    0.000    0.000    0.000    0.000    0.000  2
 15    1.000  0.000    5.520    0.000    0.000    0.000    0.000    0.000  2
 16    1.000  0.000    1.200    0.000    0.000    0.000    0.000    0.000  2
 17    1.000  0.000    1.140    0.000    0.000    0.000    0.000    0.000  2
 18    1.000  0.000    3.000    0.000    0.000    0.000    0.000    0.000  2
 19    1.000  0.000    2.700    0.000    0.000    0.000    0.000    0.000  2
 20    1.000  0.000    0.900    0.000    0.000    0.000    0.000    0.000  2
 21    1.000  0.000    0.600    0.000    0.000    0.000    0.000    0.000  2
 22    1.000  0.000    1.440    0.000    0.000    0.000    0.000    0.000  2
 23    1.000  0.000    1.020    0.000    0.000    0.000    0.000    0.000  2
 24    1.000  0.000    3.600    0.000    0.000    0.000    0.000    0.000  2
 25    1.000  0.000    1.080    0.000    0.000    0.000    0.000    0.000  2
 26    1.000  0.000    0.840    0.000    0.000    0.000    0.000    0.000  2
 27    1.000  0.000    1.800    0.000    0.000    0.000    0.000    0.000  2
 28    1.000  0.000    0.186    0.000    0.000    0.000    0.000    0.000  2
 29    1.000  0.000    0.546    0.000    0.000    0.000    0.000    0.000  2
 30    1.000  0.000    1.740    0.000    0.000    0.000    0.000    0.000  2
 31    1.000  0.000    1.800    0.000    0.000    0.000    0.000    0.000  2
 32    1.000  0.000    1.350    0.000    0.000    0.000    0.000    0.000  2
 33    1.000  0.000    1.350    0.000    0.000    0.000    0.000    0.000  2
 34    1.000  0.000    1.680    0.000    0.000    0.000    0.000    0.000  2
 35    1.000  0.000    5.400    0.000    0.000    0.000    0.000    0.000  2
 36    1.000  0.000    4.200    0.000    0.000    0.000    0.000    0.000  2
 37    1.000  0.000    3.480    0.000    0.000    0.000    0.000    0.000  2
 38    1.000  0.000    3.480    0.000    0.000    0.000    0.000    0.000  2
 39    1.000  0.000    6.000    0.000    0.000    0.000    0.000    0.000  2
 40    1.000  0.000    1.740    0.000    0.000    0.000    0.000    0.000  2
 41    1.000  0.000    0.360    0.000    0.000    0.000    0.000    0.000  2
 42    1.000  0.000    0.180    0.000    0.000    0.000    0.000    0.000  2
 43    1.000  0.000    0.660    0.000    0.000    0.000    0.000    0.000  2
 44    1.000  0.000    1.200    0.000    0.000    0.000    0.000    0.000  2
 45    1.000  0.000    3.000    0.000    0.000    0.000    0.000    0.000  2
 46    1.000  0.000    1.380    0.000    0.000    0.000    0.000    0.000  2
 47    1.000  0.000    0.000    0.000    0.000    0.000    0.000    0.000  3
 48    1.000  0.000    0.000    0.000    0.798    0.258    0.000    0.000  3
 49    1.000  0.000    0.000    0.000    0.768    0.252    0.000   -1.750  3
 50    1.000  0.000    0.000    0.000    2.286    0.750    0.000    0.000  3
 51    1.000  0.000    0.000    0.000    3.744    1.230    0.000   -0.410  3
 52    1.000  0.000    0.000    0.000    0.000    0.000    0.000    0.000  3
 53    1.000  0.000    0.000    0.000    0.000    0.000    0.000    0.000  3
 54    1.000  0.000    0.000    0.000    0.000    0.000    0.000    0.000  3
 55    1.000  0.000    0.000    0.000    0.000    0.000    0.000    0.000  3
 56    1.000  0.000    0.000    0.000    0.000    0.000    0.000    0.000  3
 57    1.000  0.000    0.000    0.000    0.000    0.000    0.000    0.000  3
 58    1.000  0.000    0.000    0.000    1.590    0.522    0.000    0.000  3
 59    1.000  0.000    0.000    0.000    0.000    0.000    0.000   -0.820  3
 60    1.000  0.000    0.000    0.000    0.000    0.000    0.000    0.000  3
 61    1.000  0.000    0.000    0.000    0.510    0.168    0.000    0.000  3
 62    1.000  0.000    0.000    0.000    0.630    0.206    0.000    0.000  3
 63    1.000  0.000    0.000    0.000    1.014    0.336    0.000    0.000  3
 64    1.000  0.000    0.000    0.000    0.000    0.000    0.000   -0.672  3
 65    1.000  0.000    0.000    0.000    0.534    0.174    0.000    0.000  3
 66    1.000  0.000    0.000    0.000    2.400    0.786    0.000    0.000  3
 67    1.000  0.000    0.000    0.000    1.590    0.522    0.000    0.000  3
 68    1.000  0.000    0.000    0.000    0.600    0.198    0.000    0.000  3
 69    1.000  0.000    0.000    0.000    0.000    0.000    0.000    0.000  3
 70    1.000  0.000    0.000    0.000    1.404    0.462    0.000    0.000  3
 71    1.000  0.000    0.000    0.000    0.972    0.330    0.000   -0.672  3
 72    1.000  0.000    0.000    0.000    0.948    0.312    0.000    0.000  3
 73    1.000  0.000    0.000    0.000    0.000    0.000    0.000    0.000  3
 74    1.000  0.000    0.000    0.000    0.000    0.000    0.000    0.000  3
 75    1.000  0.000    0.000    0.000    0.000    0.000    0.000   -1.200  3
 76    1.000  0.000    0.000    0.000    0.000    0.000    0.000    0.000  3
 77    1.000  0.000    0.000    0.000    0.480    0.162    0.000   -1.500  3
 78    1.000  0.000    0.000    0.000    0.000    0.000    0.000    0.000  3
 79    1.000  0.000    0.000    0.000    0.486    0.162    0.000    0.000  3
 80    1.000  0.000    0.000    0.000    1.080    0.354    0.000    0.000  3
 81    1.000  0.000    0.000    0.000    0.852    0.282    0.000    0.000  3
 82    1.000  0.000    0.000    0.000    0.000    0.000    0.000    0.000  3
 83    1.000  0.000    0.000    0.000    3.024    0.996    0.000    0.000  3
 84    1.000  0.000    0.000    0.000    0.360    0.120    0.000    0.000  3
 85    1.000  0.000    0.000    0.000    0.000    0.000    0.000    0.000  3
 86    1.000  0.000    0.000    0.000    1.140    0.372    0.000   -1.888  3
 87    1.000  0.000    0.000    0.000    2.730    0.894    0.000    0.000  3
 88    1.000  0.000    0.000    0.000    0.000    0.000    0.000    0.000  3
 89    1.000  0.000    0.000    0.000    0.180    0.060    0.000   -0.750  3
 90    1.000  0.000    0.000    0.000    0.000    0.000    0.000    0.000  3
 91    1.000  0.000    0.000    0.000    1.212    0.402    0.000    0.000  3
 92    1.000  0.000    0.000    0.000    0.000    0.000    0.000    0.000  3
 93    1.000  0.000    0.000    0.000    3.372    1.110    0.000    0.000  3
 94    1.000  0.000    0.000    0.000    1.002    0.330    0.000    0.000  3
 95    1.000  0.000    0.000    0.000    0.426    0.138    0.000    0.000  3
 96    1.000  0.000    0.000    0.000    4.446    1.620    0.000    0.000  3
 97    1.000  0.000    0.000    0.000    0.000    0.000    0.000    0.000  3
 98    1.000  0.000    0.000    0.000    0.000    0.000    0.000    0.000  3
 99    1.000  0.000    0.000    0.000    0.000    0.000    0.000    0.000  3
100    1.000  0.000    0.000    0.000    2.352    0.774    0.000    0.000  3
101    1.000  0.000    0.000    0.000    0.480    0.156    0.000    0.000  3
102    1.000  0.000    0.000    0.000    0.000    0.000    0.000    0.000  3
103    1.000  0.000    0.000    0.000    3.720    1.224    0.000    0.000  3
